1 0 28 28
2 0 30 30
3 0 38 38
4 0 39 39
5 0 42 42
6 0 45 45
7 0 45 45
8 0 52 52
9 0 57 57
10 0 60 60
11 0 66 66
12 0 63 63
13 0 66 66
14 0 71 71
15 0 75 75
16 0 75 75
17 0 81 81
18 0 78 78
19 0 89 89
20 0 83 83
21 0 89 89
22 0 87 87
23 0 95 95
24 0 93 93
25 0 92 92
26 0 98 98
27 0 101 101
28 0 106 106
29 0 105 105
30 0 110 110
31 0 116 116
32 0 110 110
33 0 114 114
34 0 117 117
35 0 118 118
36 0 121 121
37 0 125 125
38 0 122 122
39 0 131 131
40 0 126 126
41 0 132 132
42 0 131 131
43 0 135 135
44 0 137 137
45 0 141 141
46 0 136 136
47 0 144 144
48 0 147 147
49 0 150 150
50 0 147 147
51 0 148 148
52 0 152 152
53 0 150 150
54 0 161 161
55 0 161 161
56 0 162 162
57 0 162 162
58 0 164 164
59 0 167 167
60 0 170 170
61 0 173 173
62 0 173 173
63 0 168 168
64 0 178 178
65 0 189 189
66 0 182 182
67 0 185 185
68 0 189 189
69 0 187 187
70 0 186 186
71 0 185 185
72 0 189 189
73 0 195 195
74 0 188 188
75 0 195 195
76 0 201 201
77 0 201 201
78 0 207 207
79 0 202 202
80 0 205 205
81 0 209 209
82 0 212 212
83 0 216 216
84 0 210 210
85 0 218 218
86 0 218 218
87 0 215 215
88 0 221 221
89 0 225 225
90 0 217 217
91 0 223 223
92 0 225 225
93 0 230 230
94 0 233 233
95 0 234 234
96 0 240 240
97 0 231 231
98 0 231 231
99 0 237 237
100 0 239 239
101 0 239 239
102 0 243 243
103 0 249 249
104 0 243 243
105 0 248 248
106 0 253 253
107 0 253 253
108 0 251 251
109 0 257 257
110 0 261 261
111 0 258 258
112 0 261 261
113 0 261 261
114 0 267 267
115 0 264 264
116 0 267 267
117 0 272 272
118 0 267 267
119 0 267 267
120 0 270 270
121 0 276 276
122 0 273 273
123 0 276 276
124 0 275 275
125 0 275 275
126 0 283 283
127 0 284 284
128 0 374 374
129 0 283 283
130 0 294 294
131 0 290 290
132 0 288 288
133 0 293 293
134 0 296 296
135 0 297 297
136 0 299 299
137 0 305 305
138 0 302 302
139 0 297 297
140 0 297 297
141 0 308 308
142 0 308 308
143 0 310 310
144 0 312 312
145 0 313 313
146 0 317 317
147 0 314 314
148 0 312 312
149 0 322 322
150 0 321 321
151 0 323 323
152 0 322 322
153 0 326 326
154 0 321 321
155 0 327 327
156 0 326 326
157 0 329 329
158 0 335 335
159 0 330 330
160 0 329 329
161 0 338 338
162 0 340 340
163 0 337 337
164 0 341 341
165 0 334 334
166 0 343 343
167 0 344 344
168 0 346 346
169 0 344 344
170 0 354 354
171 0 349 349
172 0 351 351
173 0 357 357
174 0 347 347
175 0 359 359
176 0 354 354
177 0 359 359
178 0 362 362
179 0 363 363
180 0 360 360
181 0 362 362
182 0 366 366
183 0 374 374
184 0 368 368
185 0 369 369
186 0 369 369
187 0 371 371
188 0 368 368
189 0 379 379
190 0 377 377
191 0 375 375
192 0 473 473
193 0 383 383
194 0 384 384
195 0 383 383
196 0 388 388
197 0 392 392
198 0 393 393
199 0 389 389
200 0 391 391
201 0 394 394
202 0 393 393
203 0 399 399
204 0 397 397
205 0 395 395
206 0 396 396
207 0 401 401
208 0 402 402
209 0 399 399
210 0 404 404
211 0 408 408
212 0 411 411
213 0 416 416
214 0 411 411
215 0 413 413
216 0 407 407
217 0 419 419
218 0 413 413
219 0 422 422
220 0 404 404
221 0 422 422
222 0 423 423
223 0 425 425
224 0 429 429
225 0 423 423
226 0 434 434
227 0 428 428
228 0 430 430
229 0 434 434
230 0 435 435
231 0 432 432
232 0 435 435
233 0 439 439
234 0 440 440
235 0 442 442
236 0 437 437
237 0 445 445
238 0 444 444
239 0 446 446
240 0 445 445
241 0 452 452
242 0 456 456
243 0 456 456
244 0 446 446
245 0 457 457
246 0 453 453
247 0 457 457
248 0 456 456
249 0 462 462
250 0 464 464
251 0 467 467
252 0 465 465
253 0 469 469
254 0 468 468
255 0 465 465
256 4237 559 559
257 2545 471 471
258 4229 471 471
259 3837 474 474
260 4279 472 472
261 4256 478 478
262 4269 476 476
263 4269 479 479
264 4276 482 482
265 4275 481 481
266 4274 488 488
267 4257 495 495
268 4276 489 489
269 4246 491 491
270 4240 492 492
271 4226 491 491
272 4236 492 492
273 4253 496 496
274 4240 495 495
275 4258 500 500
276 4289 497 497
277 4266 495 495
278 4283 504 504
279 4285 503 503
280 4265 502 502
281 4273 505 505
282 4273 498 498
283 4248 510 510
284 4228 508 508
285 4234 515 515
286 4234 503 503
287 4221 516 516
288 4264 519 519
289 4262 510 510
290 4260 523 523
291 4277 522 522
292 4281 517 517
293 4251 519 519
294 4254 530 530
295 4243 528 528
296 4241 526 526
297 4246 532 532
298 4252 522 522
299 4237 537 537
300 4240 531 531
301 4236 530 530
302 4233 530 530
303 4256 536 536
304 4242 534 534
305 4270 544 544
306 4240 539 539
307 4282 540 540
308 4233 542 542
309 4260 542 542
310 4259 549 549
311 4238 540 540
312 4240 544 544
313 4240 558 558
314 4243 551 551
315 4239 560 560
316 4249 550 550
317 4253 554 554
318 4253 558 558
319 4249 563 563
320 4178 646 646
321 4213 559 559
322 4239 565 565
323 4237 562 562
324 4222 566 566
325 4191 569 569
326 4215 562 562
327 4229 570 570
328 4246 568 568
329 4230 570 570
330 4229 563 563
331 4202 578 578
332 4215 575 575
333 4206 580 580
334 4214 579 579
335 4217 579 579
336 4197 573 573
337 4216 581 581
338 4223 587 587
339 4231 584 584
340 4200 587 587
341 4232 587 587
342 4221 593 593
343 4210 596 596
344 4187 588 588
345 4207 597 597
346 4221 594 594
347 4222 590 590
348 4216 597 597
349 4206 593 593
350 4231 603 603
351 4226 600 600
352 4209 594 594
353 4216 605 605
354 4201 608 608
355 4194 597 597
356 4213 602 602
357 4200 611 611
358 4222 600 600
359 4202 611 611
360 4220 613 613
361 4197 619 619
362 4191 616 616
363 4179 618 618
364 4207 607 607
365 4220 618 618
366 4206 620 620
367 4211 621 621
368 4207 613 613
369 4180 631 631
370 4202 618 618
371 4195 620 620
372 4184 626 626
373 4205 627 627
374 4206 630 630
375 4210 626 626
376 4197 638 638
377 4187 635 635
378 4205 633 633
379 4182 644 644
380 4208 629 629
381 4187 653 653
382 4203 631 631
383 4176 643 643
384 4115 731 731
385 4159 644 644
386 4169 647 647
387 4184 647 647
388 4171 647 647
389 4159 651 651
390 4178 657 657
391 4160 657 657
392 4154 648 648
393 4179 659 659
394 4158 661 661
395 4144 656 656
396 4154 654 654
397 4154 665 665
398 4137 657 657
399 4163 661 661
400 4148 664 664
401 4141 675 675
402 4133 666 666
403 4144 670 670
404 4140 669 669
405 4140 672 672
406 4147 682 682
407 4157 678 678
408 4171 673 673
409 4193 680 680
410 4157 680 680
411 4199 679 679
412 4207 685 685
413 4170 677 677
414 4166 690 690
415 4167 687 687
416 4177 683 683
417 4164 696 696
418 4154 693 693
419 4162 686 686
420 4156 692 692
421 4157 690 690
422 4149 690 690
423 4159 699 699
424 4134 699 699
425 4131 692 692
426 4156 702 702
427 4137 699 699
428 4155 701 701
429 4138 706 706
430 4124 703 703
431 4173 705 705
432 4171 713 713
433 4183 714 714
434 4147 707 707
435 4166 711 711
436 4171 724 724
437 4163 710 710
438 4140 712 712
439 4144 714 714
440 4146 722 722
441 4153 724 724
442 4136 721 721
443 4150 719 719
444 4152 719 719
445 4126 735 735
446 4124 729 729
447 4126 723 723
448 4118 813 813
449 4111 734 734
450 4123 743 743
451 4157 733 733
452 4144 732 732
453 4141 733 733
454 4153 744 744
455 4175 741 741
456 4169 737 737
457 4177 733 733
458 4182 734 734
459 4187 738 738
460 4176 745 745
461 4139 749 749
462 4150 747 747
463 4150 745 745
464 4169 750 750
465 4127 752 752
466 4153 760 760
467 4116 757 757
468 4145 755 755
469 4135 762 762
470 4126 758 758
471 4098 762 762
472 4141 757 757
473 4151 767 767
474 4142 764 764
475 4139 756 756
476 4123 758 758
477 4153 776 776
478 4178 771 771
479 4187 774 774
480 4162 770 770
481 4110 766 766
482 4120 780 780
483 4157 776 776
484 4137 773 773
485 4134 774 774
486 4154 782 782
487 4121 784 784
488 4138 776 776
489 4158 783 783
490 4108 789 789
491 4125 789 789
492 4116 782 782
493 4123 794 794
494 4150 775 775
495 4172 791 791
496 4134 795 795
497 4168 784 784
498 4166 791 791
499 4172 792 792
500 4124 796 796
501 4143 804 804
502 4111 798 798
503 4164 809 809
504 4137 798 798
505 4161 804 804
506 4131 805 805
507 4166 804 804
508 4119 813 813
509 4146 804 804
510 4139 821 821
511 4174 807 807
512 24543 902 902
513 12314 813 813
514 18346 812 812
515 20536 822 822
516 18296 817 817
517 24457 813 813
518 24335 818 818
519 24469 820 820
520 24731 816 816
521 24546 824 824
522 24531 819 819
523 24887 827 827
524 24766 836 836
525 24777 827 827
526 24956 835 835
527 25053 825 825
528 25134 834 834
529 24740 839 839
530 24860 842 842
531 24820 848 848
532 25021 839 839
533 24936 842 842
534 24965 845 845
535 24819 848 848
536 24983 841 841
537 24733 848 848
538 24874 853 853
539 24560 851 851
540 25171 840 840
541 24579 854 854
542 24728 856 856
543 24464 851 851
544 24448 849 849
545 24242 858 858
546 24601 854 854
547 24796 861 861
548 24586 852 852
549 24705 857 857
550 24777 870 870
551 24476 859 859
552 24201 858 858
553 24336 863 863
554 24490 863 863
555 24346 863 863
556 24429 869 869
557 24480 878 878
558 24583 880 880
559 24742 873 873
560 24377 866 866
561 24202 880 880
562 24375 881 881
563 24513 877 877
564 24758 884 884
565 24629 879 879
566 24616 882 882
567 24595 890 890
568 24773 882 882
569 24651 884 884
570 24676 888 888
571 24729 894 894
572 24791 885 885
573 24829 896 896
574 24706 903 903
575 24878 890 890
576 24748 971 971
577 24639 893 893
578 24853 894 894
579 24847 907 907
580 24520 912 912
581 24613 901 901
582 24926 898 898
583 24587 919 919
584 24611 894 894
585 24311 905 905
586 24454 912 912
587 24752 909 909
588 24324 911 911
589 24520 920 920
590 24677 906 906
591 24483 917 917
592 24352 915 915
593 24453 914 914
594 24706 917 917
595 24798 927 927
596 24761 920 920
597 24504 918 918
598 24893 927 927
599 24578 930 930
600 24696 931 931
601 24630 928 928
602 24674 932 932
603 24809 941 941
604 24395 924 924
605 24570 933 933
606 24681 930 930
607 24787 933 933
608 24307 939 939
609 24635 943 943
610 24442 947 947
611 24465 941 941
612 24404 936 936
613 24326 947 947
614 24522 939 939
615 24304 950 950
616 24478 939 939
617 24600 941 941
618 24664 950 950
619 24713 953 953
620 24480 958 958
621 24550 964 964
622 24398 935 935
623 24580 954 954
624 24415 951 951
625 24454 959 959
626 24798 959 959
627 24461 959 959
628 24437 968 968
629 24809 968 968
630 24769 971 971
631 24509 958 958
632 24414 966 966
633 24371 969 969
634 24326 966 966
635 24532 980 980
636 24468 983 983
637 24699 977 977
638 24495 978 978
639 24896 980 980
640 24351 1061 1061
641 24906 992 992
642 24534 973 973
643 24734 984 984
644 24869 982 982
645 24749 989 989
646 24825 989 989
647 24837 983 983
648 24937 989 989
649 24871 989 989
650 24803 990 990
651 24569 993 993
652 24702 998 998
653 24762 996 996
654 24466 995 995
655 24482 1002 1002
656 24720 1002 1002
657 24508 998 998
658 24506 1001 1001
659 24494 987 987
660 24442 997 997
661 24455 1011 1011
662 24370 1014 1014
663 24244 1011 1011
664 24259 1007 1007
665 24402 1011 1011
666 24276 1012 1012
667 24053 1010 1010
668 24384 1014 1014
669 24400 1007 1007
670 24512 1008 1008
671 24339 1011 1011
672 24093 1013 1013
673 24255 1023 1023
674 24157 1014 1014
675 24193 1019 1019
676 24474 1011 1011
677 24429 1023 1023
678 24383 1018 1018
679 24393 1018 1018
680 24373 1036 1036
681 24745 1023 1023
682 24535 1026 1026
683 24428 1023 1023
684 24687 1034 1034
685 25000 1027 1027
686 24530 1043 1043
687 24833 1038 1038
688 24797 1044 1044
689 24893 1037 1037
690 24925 1043 1043
691 24958 1047 1047
692 24933 1036 1036
693 24637 1051 1051
694 24886 1050 1050
695 24565 1041 1041
696 24672 1035 1035
697 24897 1064 1064
698 24590 1053 1053
699 24345 1052 1052
700 24517 1052 1052
701 24412 1058 1058
702 24441 1052 1052
703 24611 1052 1052
704 24761 1132 1132
705 24412 1068 1068
706 24711 1059 1059
707 24533 1063 1063
708 24319 1059 1059
709 24523 1058 1058
710 24132 1064 1064
711 24227 1070 1070
712 24066 1068 1068
713 24018 1063 1063
714 24181 1073 1073
715 24522 1072 1072
716 24069 1062 1062
717 24326 1070 1070
718 23936 1071 1071
719 24833 1079 1079
720 24287 1066 1066
721 24158 1076 1076
722 24315 1072 1072
723 24106 1082 1082
724 24271 1063 1063
725 24290 1085 1085
726 24844 1089 1089
727 23970 1080 1080
728 24562 1085 1085
729 24581 1092 1092
730 24812 1084 1084
731 25306 1096 1096
732 24761 1082 1082
733 24465 1102 1102
734 24944 1094 1094
735 24754 1096 1096
736 24565 1103 1103
737 24793 1091 1091
738 24835 1106 1106
739 24946 1101 1101
740 24532 1100 1100
741 24797 1116 1116
742 24946 1107 1107
743 24477 1106 1106
744 24835 1107 1107
745 24687 1109 1109
746 24706 1104 1104
747 24848 1120 1120
748 24533 1118 1118
749 24559 1116 1116
750 24724 1128 1128
751 24284 1124 1124
752 24287 1110 1110
753 24272 1117 1117
754 24267 1125 1125
755 23996 1121 1121
756 24116 1132 1132
757 24287 1122 1122
758 24249 1123 1123
759 24185 1128 1128
760 24152 1110 1110
761 24098 1134 1134
762 24298 1123 1123
763 24781 1146 1146
764 24604 1137 1137
765 24770 1121 1121
766 24635 1116 1116
767 24370 1138 1138
768 25413 1209 1209
769 25155 1143 1143
770 24778 1137 1137
771 24833 1131 1131
772 24937 1137 1137
773 25383 1154 1154
774 24934 1131 1131
775 24637 1146 1146
776 24772 1147 1147
777 25386 1150 1150
778 25149 1154 1154
779 24793 1139 1139
780 25262 1145 1145
781 24684 1154 1154
782 24412 1148 1148
783 25067 1156 1156
784 24514 1153 1153
785 25242 1166 1166
786 25300 1164 1164
787 25037 1160 1160
788 24863 1176 1176
789 25131 1172 1172
790 25511 1172 1172
791 24853 1158 1158
792 24655 1157 1157
793 25294 1179 1179
794 25250 1166 1166
795 24715 1169 1169
796 24918 1170 1170
797 25316 1177 1177
798 25061 1171 1171
799 24612 1172 1172
800 25116 1184 1184
801 24944 1185 1185
802 24897 1175 1175
803 24414 1184 1184
804 25242 1171 1171
805 25171 1188 1188
806 25225 1190 1190
807 25016 1188 1188
808 25224 1194 1194
809 25448 1186 1186
810 24970 1193 1193
811 25100 1195 1195
812 24809 1183 1183
813 25240 1185 1185
814 25019 1190 1190
815 24711 1196 1196
816 25189 1201 1201
817 25383 1184 1184
818 25343 1202 1202
819 24744 1187 1187
820 25322 1197 1197
821 25266 1205 1205
822 25249 1200 1200
823 24791 1202 1202
824 25426 1197 1197
825 24996 1211 1211
826 24568 1201 1201
827 25048 1210 1210
828 25010 1212 1212
829 24956 1201 1201
830 25441 1211 1211
831 25194 1224 1224
832 25164 1287 1287
833 25002 1216 1216
834 25084 1215 1215
835 25206 1215 1215
836 25209 1214 1214
837 25191 1225 1225
838 25258 1224 1224
839 25324 1223 1223
840 25297 1227 1227
841 25526 1231 1231
842 24968 1229 1229
843 25264 1240 1240
844 25378 1225 1225
845 25813 1233 1233
846 25019 1224 1224
847 25231 1237 1237
848 25463 1228 1228
849 25101 1227 1227
850 25974 1223 1223
851 25663 1233 1233
852 25417 1239 1239
853 25547 1236 1236
854 25120 1235 1235
855 25053 1240 1240
856 25075 1231 1231
857 25366 1242 1242
858 25198 1244 1244
859 24740 1254 1254
860 25346 1260 1260
861 24901 1264 1264
862 25063 1250 1250
863 25104 1246 1246
864 25500 1238 1238
865 25435 1251 1251
866 25870 1256 1256
867 25048 1261 1261
868 25124 1259 1259
869 25608 1256 1256
870 25334 1254 1254
871 25362 1277 1277
872 25329 1272 1272
873 25517 1265 1265
874 24983 1268 1268
875 25367 1262 1262
876 25077 1256 1256
877 25595 1272 1272
878 25521 1270 1270
879 25291 1278 1278
880 25483 1278 1278
881 25354 1271 1271
882 25410 1273 1273
883 25336 1275 1275
884 25191 1274 1274
885 25114 1276 1276
886 25319 1286 1286
887 25754 1283 1283
888 25450 1276 1276
889 25290 1287 1287
890 25405 1283 1283
891 25369 1290 1290
892 25552 1274 1274
893 25735 1282 1282
894 25166 1293 1293
895 25202 1296 1296
896 25202 1364 1364
897 25289 1290 1290
898 25091 1301 1301
899 25094 1299 1299
900 25464 1290 1290
901 24974 1304 1304
902 25572 1301 1301
903 24899 1314 1314
904 24572 1309 1309
905 24936 1313 1313
906 25413 1305 1305
907 25186 1301 1301
908 25227 1299 1299
909 24948 1292 1292
910 25224 1310 1310
911 24913 1309 1309
912 24901 1307 1307
913 25442 1324 1324
914 24603 1323 1323
915 25345 1313 1313
916 25054 1313 1313
917 25215 1305 1305
918 25106 1311 1311
919 25504 1325 1325
920 25414 1328 1328
921 25166 1323 1323
922 24891 1339 1339
923 25247 1317 1317
924 25183 1319 1319
925 25156 1336 1336
926 25190 1334 1334
927 25235 1340 1340
928 25231 1327 1327
929 25192 1330 1330
930 25182 1334 1334
931 24908 1344 1344
932 25636 1332 1332
933 25334 1332 1332
934 25065 1338 1338
935 25286 1334 1334
936 25514 1338 1338
937 25497 1350 1350
938 25524 1347 1347
939 25134 1345 1345
940 25199 1349 1349
941 25154 1346 1346
942 25041 1347 1347
943 25115 1345 1345
944 25499 1349 1349
945 25007 1342 1342
946 25414 1344 1344
947 24678 1356 1356
948 25166 1349 1349
949 25287 1355 1355
950 24979 1353 1353
951 25036 1362 1362
952 24978 1355 1355
953 25147 1372 1372
954 24758 1368 1368
955 25306 1365 1365
956 24821 1374 1374
957 24709 1362 1362
958 25030 1379 1379
959 24776 1367 1367
960 25273 1444 1444
961 25179 1352 1352
962 25488 1360 1360
963 25236 1371 1371
964 25257 1365 1365
965 25272 1363 1363
966 24983 1382 1382
967 25374 1394 1394
968 25200 1364 1364
969 25228 1380 1380
970 25178 1380 1380
971 25364 1382 1382
972 25266 1377 1377
973 25306 1393 1393
974 25332 1400 1400
975 25229 1385 1385
976 25238 1382 1382
977 25119 1387 1387
978 25562 1405 1405
979 25117 1392 1392
980 25097 1397 1397
981 25122 1394 1394
982 25073 1395 1395
983 25176 1400 1400
984 24927 1400 1400
985 25383 1398 1398
986 25343 1397 1397
987 25219 1402 1402
988 24863 1390 1390
989 25566 1419 1419
990 24793 1406 1406
991 25359 1401 1401
992 25207 1401 1401
993 25523 1417 1417
994 24883 1406 1406
995 25507 1418 1418
996 24795 1409 1409
997 25103 1419 1419
998 25007 1430 1430
999 25064 1410 1410
1000 25198 1412 1412
1001 25002 1416 1416
1002 24973 1424 1424
1003 24741 1406 1406
1004 24947 1408 1408
1005 25196 1422 1422
1006 25231 1426 1426
1007 24471 1431 1431
1008 24866 1433 1433
1009 25314 1429 1429
1010 25120 1433 1433
1011 25222 1435 1435
1012 25365 1426 1426
1013 25241 1436 1436
1014 24944 1428 1428
1015 25299 1431 1431
1016 25271 1434 1434
1017 25540 1439 1439
1018 25286 1434 1434
1019 25349 1440 1440
1020 24964 1459 1459
1021 25194 1446 1446
1022 24959 1434 1434
1023 25041 1463 1463
1024 51308 1516 1516
1025 38152 1437 1437
1026 47073 1467 1467
1027 50229 1433 1433
1028 51612 1453 1453
1029 50509 1452 1452
1030 52296 1446 1446
1031 50758 1446 1446
1032 50129 1448 1448
1033 51226 1462 1462
1034 50173 1451 1451
1035 50773 1457 1457
1036 51401 1459 1459
1037 50777 1451 1451
1038 51915 1463 1463
1039 47612 1476 1476
1040 50001 1461 1461
1041 51352 1472 1472
1042 51746 1462 1462
1043 51319 1470 1470
1044 50505 1479 1479
1045 51625 1480 1480
1046 50531 1464 1464
1047 49850 1469 1469
1048 48780 1477 1477
1049 52172 1487 1487
