1 1.000000
2 0.833333
3 0.752381
4 0.652381
5 0.401905
6 0.370476
7 0.340000
8 0.396190
9 0.364731
10 0.225806
11 0.223656
12 0.245161
13 0.295054
14 0.287097
15 0.270968
16 0.287097
17 0.197030
18 0.232207
19 0.204301
20 0.169841
21 0.182540
22 0.198413
23 0.201587
24 0.184127
25 0.217460
26 0.217460
27 0.206349
28 0.215873
29 0.230159
30 0.246032
31 0.244444
32 0.244444
33 0.220422
34 0.138770
35 0.137183
36 0.144282
37 0.140157
38 0.137795
39 0.145669
40 0.139370
41 0.146457
42 0.152756
43 0.153543
44 0.152756
45 0.160630
46 0.165354
47 0.168504
48 0.162992
49 0.164567
50 0.172441
51 0.172441
52 0.181890
53 0.179528
54 0.177953
55 0.180315
56 0.190551
57 0.185039
58 0.184252
59 0.192913
60 0.189764
61 0.203937
62 0.204724
63 0.204724
64 0.208661
65 0.169125
66 0.124471
67 0.120479
68 0.126049
69 0.115763
70 0.110980
71 0.112157
72 0.109020
73 0.112157
74 0.112549
75 0.116078
76 0.112549
77 0.120392
78 0.118824
79 0.120000
80 0.123137
81 0.125490
82 0.123922
83 0.125098
84 0.125490
85 0.128627
86 0.132157
87 0.131373
88 0.127451
89 0.130196
90 0.136471
91 0.134510
92 0.139216
93 0.133333
94 0.136863
95 0.140392
96 0.141176
97 0.138431
98 0.145490
99 0.140392
100 0.141961
101 0.144314
102 0.147843
103 0.147451
104 0.148235
105 0.150588
106 0.150980
107 0.152549
108 0.147059
109 0.152549
110 0.157255
111 0.154902
112 0.154902
113 0.162353
114 0.158824
115 0.161569
116 0.161569
117 0.161176
118 0.167059
119 0.161961
120 0.160392
121 0.168235
122 0.168235
123 0.166275
124 0.164706
125 0.169412
126 0.172941
127 0.163529
128 0.117808
129 0.149162
130 0.103002
131 0.088258
132 0.098666
133 0.088845
134 0.089237
135 0.089432
136 0.090411
137 0.092759
138 0.092564
139 0.091977
140 0.091781
141 0.092564
142 0.092564
143 0.092955
144 0.094716
145 0.095695
146 0.096673
147 0.095695
148 0.096282
149 0.097456
150 0.097065
151 0.097847
152 0.098826
153 0.099022
154 0.100391
155 0.100000
156 0.099413
157 0.100196
158 0.100783
159 0.102153
160 0.099804
161 0.102348
162 0.103914
163 0.103327
164 0.104501
165 0.105284
166 0.105675
167 0.106262
168 0.108023
169 0.105871
170 0.104892
171 0.108415
172 0.109198
173 0.109589
174 0.110176
175 0.108806
176 0.109980
177 0.109980
178 0.111546
179 0.111937
180 0.111742
181 0.113112
182 0.112133
183 0.112720
184 0.114286
185 0.115264
186 0.116438
187 0.113112
188 0.115264
189 0.117808
190 0.115068
191 0.116634
192 0.145205
193 0.119569
194 0.119178
195 0.118591
196 0.118004
197 0.117808
198 0.120548
199 0.121918
200 0.121135
201 0.123483
202 0.121331
203 0.125440
204 0.122309
205 0.125245
206 0.125440
207 0.125049
208 0.122309
209 0.124070
210 0.124266
211 0.127006
212 0.125245
213 0.126223
214 0.129550
215 0.130333
216 0.127593
217 0.131507
218 0.129354
219 0.129354
220 0.128767
221 0.132094
222 0.131115
223 0.130724
224 0.133855
225 0.132485
226 0.132877
227 0.134051
228 0.135225
229 0.134442
230 0.137182
231 0.136986
232 0.136008
233 0.136791
234 0.137769
235 0.139922
236 0.137182
237 0.136399
238 0.139530
239 0.139139
240 0.140117
241 0.141683
242 0.141292
243 0.141683
244 0.140705
245 0.141487
246 0.141487
247 0.143836
248 0.143640
249 0.142857
250 0.143640
251 0.144227
252 0.145988
253 0.147162
254 0.148141
255 0.146967
256 0.086706
257 0.111412
258 0.095741
259 0.073998
260 0.074976
261 0.075073
262 0.075367
263 0.075660
264 0.076637
265 0.075953
266 0.075464
267 0.075562
268 0.076246
269 0.076931
270 0.076442
271 0.076735
272 0.076149
273 0.078299
274 0.078299
275 0.077224
276 0.076735
277 0.077810
278 0.078690
279 0.079081
280 0.078201
281 0.078592
282 0.080254
283 0.078886
284 0.080254
285 0.080156
286 0.079374
287 0.079863
288 0.080352
289 0.081134
290 0.080841
291 0.081134
292 0.080938
293 0.081232
294 0.081525
295 0.082502
296 0.082796
297 0.082796
298 0.083871
299 0.082600
300 0.083480
301 0.084164
302 0.083773
303 0.085337
304 0.084360
305 0.084848
306 0.084751
307 0.084653
308 0.085533
309 0.086022
310 0.085728
311 0.086217
312 0.086608
313 0.086804
314 0.086413
315 0.086999
316 0.087195
317 0.087292
318 0.086119
319 0.087977
320 0.102542
321 0.089150
322 0.089736
323 0.088270
324 0.088172
325 0.089638
326 0.088661
327 0.088465
328 0.088465
329 0.089541
330 0.089150
331 0.089932
332 0.089052
333 0.090518
334 0.090909
335 0.090518
336 0.091300
337 0.092962
338 0.091789
339 0.092278
340 0.092375
341 0.092864
342 0.091789
343 0.092473
344 0.092375
345 0.092864
346 0.094330
347 0.093548
348 0.093451
349 0.094428
350 0.094526
351 0.095210
352 0.095406
353 0.095308
354 0.094428
355 0.095210
356 0.095308
357 0.096188
358 0.095308
359 0.096774
360 0.096676
361 0.096774
362 0.098143
363 0.098338
364 0.097947
365 0.097849
366 0.097849
367 0.098436
368 0.096285
369 0.098436
370 0.098240
371 0.099902
372 0.099902
373 0.099707
374 0.100391
375 0.099413
376 0.100196
377 0.101173
378 0.101173
379 0.100196
380 0.100489
381 0.101271
382 0.101173
383 0.102248
384 0.115836
385 0.101662
386 0.101369
387 0.101564
388 0.103030
389 0.102737
390 0.103128
391 0.102933
392 0.103715
393 0.103519
394 0.103519
395 0.103617
396 0.104497
397 0.104692
398 0.104106
399 0.104985
400 0.104497
401 0.105474
402 0.106452
403 0.105865
404 0.106647
405 0.104497
406 0.106745
407 0.106256
408 0.106549
409 0.108309
410 0.108113
411 0.107722
412 0.107820
413 0.108113
414 0.109384
415 0.107722
416 0.108700
417 0.109775
418 0.109091
419 0.110655
420 0.108602
421 0.108993
422 0.109873
423 0.109775
424 0.109775
425 0.110557
426 0.109384
427 0.111926
428 0.112023
429 0.113001
430 0.112219
431 0.111730
432 0.111730
433 0.113294
434 0.112512
435 0.113587
436 0.112708
437 0.112414
438 0.112023
439 0.113490
440 0.113783
441 0.114467
442 0.114272
443 0.114663
444 0.114370
445 0.115249
446 0.114076
447 0.115738
448 0.129130
449 0.114565
450 0.116031
451 0.116227
452 0.117693
453 0.116227
454 0.116325
455 0.118475
456 0.116422
457 0.118377
458 0.117204
459 0.117107
460 0.118964
461 0.119159
462 0.118573
463 0.118573
464 0.118475
465 0.118475
466 0.119648
467 0.120039
468 0.119746
469 0.120626
470 0.121114
471 0.121017
472 0.120919
473 0.120332
474 0.119355
475 0.123167
476 0.120919
477 0.121799
478 0.122287
479 0.122776
480 0.122776
481 0.124242
482 0.123167
483 0.122776
484 0.123656
485 0.123460
486 0.124536
487 0.123363
488 0.123656
489 0.123656
490 0.126002
491 0.124438
492 0.125806
493 0.123949
494 0.126588
495 0.125904
496 0.126295
497 0.126295
498 0.125709
499 0.126784
500 0.126784
501 0.128152
502 0.128837
503 0.126686
504 0.127273
505 0.128348
506 0.128055
507 0.127664
508 0.128543
509 0.128543
510 0.130303
511 0.128543
512 0.071715
513 0.084777
514 0.096367
515 0.071770
516 0.072063
517 0.065266
518 0.065657
519 0.064924
520 0.065364
521 0.066194
522 0.065901
523 0.065511
524 0.065852
525 0.065901
526 0.066243
527 0.066194
528 0.066194
529 0.066683
530 0.066292
531 0.066439
532 0.066488
533 0.066194
534 0.066488
535 0.066488
536 0.067123
537 0.067562
538 0.067513
539 0.068295
540 0.067123
541 0.067562
542 0.067269
543 0.068490
544 0.068051
545 0.068149
546 0.068100
547 0.068490
548 0.068393
549 0.069028
550 0.068930
551 0.067855
552 0.068295
553 0.068637
554 0.069028
555 0.069028
556 0.068686
557 0.068344
558 0.068686
559 0.068881
560 0.068930
561 0.069223
562 0.069761
563 0.070640
564 0.069028
565 0.069907
566 0.070738
567 0.070884
568 0.070542
569 0.070689
570 0.070493
571 0.071373
572 0.070787
573 0.070738
574 0.071373
575 0.070933
576 0.077870
577 0.071568
578 0.071715
579 0.071275
580 0.071177
581 0.072154
582 0.072350
583 0.071275
584 0.072008
585 0.072106
586 0.072008
587 0.072838
588 0.071715
589 0.072985
590 0.072594
591 0.073718
592 0.072594
593 0.074060
594 0.074402
595 0.073962
596 0.073571
597 0.073376
598 0.073522
599 0.073718
600 0.073620
601 0.074060
602 0.074450
603 0.074304
604 0.074499
605 0.074450
606 0.074450
607 0.073718
608 0.074304
609 0.074646
610 0.075476
611 0.075379
612 0.074499
613 0.075672
614 0.074988
615 0.075525
616 0.075818
617 0.075379
618 0.075721
619 0.075916
620 0.075330
621 0.075721
622 0.076209
623 0.075769
624 0.076258
625 0.075672
626 0.076307
627 0.076307
628 0.076698
629 0.076893
630 0.076209
631 0.077186
632 0.076453
633 0.077284
634 0.076844
635 0.076991
636 0.077186
637 0.077088
638 0.078261
639 0.077723
640 0.084221
641 0.078212
642 0.078945
643 0.078163
644 0.077919
645 0.079043
646 0.078163
647 0.078701
648 0.077968
649 0.078945
650 0.079043
651 0.079629
652 0.080020
653 0.078945
654 0.079971
655 0.079384
656 0.078994
657 0.079336
658 0.080362
659 0.079531
660 0.080508
661 0.080117
662 0.081241
663 0.080215
664 0.080313
665 0.080117
666 0.080313
667 0.080166
668 0.080850
669 0.080117
670 0.080459
671 0.081485
672 0.080606
673 0.081974
674 0.081974
675 0.081632
676 0.081143
677 0.082804
678 0.082022
679 0.081827
680 0.081876
681 0.082462
682 0.081681
683 0.082902
684 0.082364
685 0.082364
686 0.082755
687 0.083146
688 0.082755
689 0.082560
690 0.083390
691 0.083635
692 0.082853
693 0.083537
694 0.083390
695 0.083879
696 0.083683
697 0.083537
698 0.083537
699 0.083977
700 0.084660
701 0.085247
702 0.085149
703 0.083879
704 0.090767
705 0.084856
706 0.084123
707 0.084514
708 0.084367
709 0.084709
710 0.084221
711 0.085002
712 0.084416
713 0.085638
714 0.085979
715 0.085296
716 0.086126
717 0.085638
718 0.085491
719 0.085149
720 0.086663
721 0.085393
722 0.087005
723 0.086517
724 0.087005
725 0.087396
726 0.085931
727 0.086370
728 0.086615
729 0.087005
730 0.088227
731 0.086957
732 0.086126
733 0.087103
734 0.087543
735 0.087640
736 0.087494
737 0.087640
738 0.087689
739 0.088129
740 0.087787
741 0.088813
742 0.087592
743 0.089204
744 0.088178
745 0.088373
746 0.088959
747 0.089936
748 0.088911
749 0.088959
750 0.088715
751 0.088862
752 0.088715
753 0.089888
754 0.089643
755 0.090034
756 0.090181
757 0.089790
758 0.090083
759 0.090132
760 0.090132
761 0.090181
762 0.090425
763 0.090767
764 0.090572
765 0.091060
766 0.091109
767 0.090034
768 0.096971
769 0.090425
770 0.091304
771 0.092037
772 0.091549
773 0.091695
774 0.090620
775 0.091744
776 0.091646
777 0.092281
778 0.092379
779 0.092623
780 0.092721
781 0.092379
782 0.093063
783 0.092428
784 0.092526
785 0.093210
786 0.093796
787 0.092379
788 0.092770
789 0.093747
790 0.093894
791 0.093063
792 0.092721
793 0.094919
794 0.093552
795 0.094187
796 0.093112
797 0.092428
798 0.094919
799 0.094138
800 0.092623
801 0.094431
802 0.094724
803 0.094138
804 0.094187
805 0.094919
806 0.095554
807 0.094333
808 0.094382
809 0.094333
810 0.095164
811 0.095261
812 0.095408
813 0.095066
814 0.096092
815 0.096043
816 0.095115
817 0.095750
818 0.095750
819 0.096385
820 0.096141
821 0.096629
822 0.096825
823 0.096190
824 0.097557
825 0.095994
826 0.097460
827 0.097411
828 0.096727
829 0.097655
830 0.097557
831 0.096483
832 0.103664
833 0.097118
834 0.097899
835 0.097460
836 0.097753
837 0.097411
838 0.098339
839 0.096922
840 0.098192
841 0.099267
842 0.099121
843 0.098339
844 0.098779
845 0.097753
846 0.098192
847 0.099658
848 0.098095
849 0.098290
850 0.099072
851 0.098779
852 0.099560
853 0.098339
854 0.099072
855 0.099023
856 0.099805
857 0.100293
858 0.100244
859 0.099951
860 0.099365
861 0.099267
862 0.100391
863 0.100635
864 0.099756
865 0.101221
866 0.101270
867 0.100586
868 0.100928
869 0.100977
870 0.101466
871 0.101172
872 0.100586
873 0.101466
874 0.101612
875 0.101514
876 0.102198
877 0.103224
878 0.102736
879 0.101612
880 0.101270
881 0.101661
882 0.102052
883 0.101856
884 0.102638
885 0.103615
886 0.103273
887 0.103810
888 0.102540
889 0.103127
890 0.102638
891 0.102247
892 0.102443
893 0.102882
894 0.103517
895 0.103664
896 0.110454
897 0.104104
898 0.104739
899 0.103615
900 0.104201
901 0.104446
902 0.104201
903 0.104055
904 0.103859
905 0.105081
906 0.104397
907 0.104446
908 0.103762
909 0.105471
910 0.104690
911 0.105178
912 0.105129
913 0.104397
914 0.104983
915 0.105423
916 0.105960
917 0.105471
918 0.106888
919 0.106155
920 0.105129
921 0.106204
922 0.106302
923 0.106448
924 0.106644
925 0.106546
926 0.106351
927 0.106400
928 0.106546
929 0.107084
930 0.107084
931 0.107426
932 0.106595
933 0.107474
934 0.108061
935 0.107670
936 0.107865
937 0.107621
938 0.108891
939 0.107865
940 0.108012
941 0.108061
942 0.108745
943 0.108451
944 0.108403
945 0.109135
946 0.108158
947 0.109038
948 0.108745
949 0.109428
950 0.108745
951 0.108451
952 0.108109
953 0.108745
954 0.109233
955 0.108891
956 0.109526
957 0.110308
958 0.110112
959 0.110503
960 0.114704
961 0.110650
962 0.111089
963 0.109575
964 0.110503
965 0.110943
966 0.110943
967 0.110845
968 0.111187
969 0.111578
970 0.111138
971 0.111627
972 0.111627
973 0.111236
974 0.111724
975 0.110943
976 0.112018
977 0.111383
978 0.112213
979 0.112164
980 0.111920
981 0.111431
982 0.112066
983 0.111920
984 0.112848
985 0.111285
986 0.111383
987 0.113483
988 0.112604
989 0.112702
990 0.113239
991 0.112702
992 0.113092
993 0.113190
994 0.113483
995 0.112360
996 0.113385
997 0.113923
998 0.113288
999 0.113581
1000 0.113483
1001 0.113972
1002 0.114362
1003 0.115340
1004 0.114118
1005 0.113337
1006 0.114118
1007 0.114314
1008 0.115046
1009 0.115144
1010 0.114998
1011 0.114265
1012 0.114216
1013 0.115877
1014 0.115681
1015 0.115730
1016 0.114704
1017 0.115388
1018 0.115144
1019 0.115193
1020 0.116414
1021 0.116317
1022 0.116023
1023 0.115633
1024 0.060733
1025 0.081135
1026 0.063959
1027 0.058242
1028 0.058193
1029 0.058217
1030 0.058437
1031 0.058217
1032 0.058486
1033 0.058755
1034 0.058584
1035 0.058510
1036 0.058926
1037 0.058266
1038 0.058437
1039 0.058706
1040 0.058462
1041 0.059096
1042 0.058877
1043 0.058535
1044 0.059096
1045 0.059219
1046 0.059072
1047 0.059096
1048 0.059170
1049 0.059683
