1 0.000002 0.000001
2 0.000003 0.000002
3 0.000004 0.000004
4 0.000006 0.000005
5 0.000011 0.000007
6 0.000013 0.000010
7 0.000016 0.000011
8 0.000015 0.000012
9 0.000018 0.000014
10 0.000039 0.000030
11 0.000039 0.000044
12 0.000036 0.000032
13 0.000033 0.000028
14 0.000034 0.000027
15 0.000036 0.000027
16 0.000035 0.000030
17 0.000039 0.000034
18 0.000053 0.000058
19 0.000060 0.000047
20 0.000055 0.000046
21 0.000063 0.000050
22 0.000069 0.000059
23 0.000069 0.000052
24 0.000069 0.000051
25 0.000067 0.000055
26 0.000068 0.000058
27 0.000074 0.000063
28 0.000071 0.000062
29 0.000073 0.000067
30 0.000079 0.000063
31 0.000078 0.000061
32 0.000079 0.000071
33 0.000108 0.000094
34 0.000144 0.000116
35 0.000117 0.000097
36 0.000165 0.000140
37 0.000217 0.000186
38 0.000164 0.000146
39 0.000136 0.000120
40 0.000138 0.000118
41 0.000149 0.000120
42 0.000145 0.000126
43 0.000150 0.000128
44 0.000144 0.000125
45 0.000151 0.000127
46 0.000149 0.000128
47 0.000151 0.000125
48 0.000147 0.000125
49 0.000162 0.000133
50 0.000157 0.000133
51 0.000170 0.000135
52 0.000164 0.000137
53 0.000165 0.000139
54 0.000165 0.000138
55 0.000168 0.000136
56 0.000173 0.000141
57 0.000166 0.000141
58 0.000183 0.000141
59 0.000174 0.000150
60 0.000182 0.000145
61 0.000186 0.000142
62 0.000188 0.000147
63 0.000181 0.000148
64 0.000183 0.000152
65 0.000301 0.000276
66 0.000311 0.000270
67 0.000315 0.000267
68 0.000326 0.000284
69 0.000342 0.000327
70 0.000313 0.000272
71 0.000360 0.000329
72 0.000367 0.000308
73 0.000368 0.000330
74 0.000377 0.000316
75 0.000377 0.000324
76 0.000368 0.000320
77 0.000379 0.000312
78 0.000502 0.000445
79 0.000366 0.000307
80 0.000367 0.000309
81 0.000374 0.000339
82 0.000548 0.000437
83 0.000400 0.000315
84 0.000371 0.000315
85 0.000376 0.000341
86 0.000372 0.000327
87 0.000402 0.000320
88 0.000401 0.000324
89 0.000378 0.000323
90 0.000387 0.000352
91 0.000389 0.000349
92 0.000388 0.000333
93 0.000399 0.000327
94 0.000427 0.000344
95 0.000433 0.000357
96 0.000403 0.000336
97 0.000422 0.000347
98 0.000565 0.000455
99 0.000451 0.000370
100 0.000427 0.000357
101 0.000419 0.000383
102 0.000428 0.000400
103 0.000574 0.000460
104 0.000428 0.000355
105 0.000433 0.000386
106 0.000430 0.000354
107 0.000442 0.000354
108 0.000442 0.000387
109 0.000437 0.000371
110 0.000451 0.000363
111 0.000435 0.000382
112 0.000438 0.000363
113 0.000474 0.000372
114 0.000449 0.000394
115 0.000470 0.000368
116 0.000455 0.000383
117 0.000464 0.000372
118 0.000450 0.000398
119 0.000473 0.000372
120 0.000457 0.000385
121 0.000467 0.000377
122 0.000461 0.000392
123 0.000489 0.000380
124 0.000468 0.000403
125 0.000504 0.000394
126 0.000504 0.000412
127 0.000610 0.000527
128 0.001324 0.001044
129 0.000724 0.000594
130 0.001002 0.000896
131 0.000978 0.000871
132 0.000933 0.000829
133 0.001005 0.000890
134 0.001059 0.000970
135 0.001093 0.000968
136 0.001055 0.000965
137 0.001013 0.000928
138 0.001035 0.000942
139 0.001015 0.000917
140 0.001018 0.000909
141 0.001030 0.000941
142 0.001104 0.001929
143 0.001599 0.001883
144 0.001404 0.000975
145 0.001063 0.000949
146 0.001065 0.000942
147 0.001213 0.001108
148 0.001084 0.000992
149 0.001135 0.001019
150 0.001278 0.001073
151 0.001417 0.001349
152 0.001903 0.001145
153 0.001157 0.001016
154 0.001126 0.001010
155 0.001124 0.000993
156 0.001095 0.000973
157 0.001111 0.000955
158 0.001213 0.001112
159 0.001055 0.000913
160 0.001048 0.000938
161 0.001080 0.000950
162 0.001086 0.000943
163 0.001123 0.000951
164 0.001112 0.000972
165 0.001099 0.000946
166 0.001092 0.000963
167 0.001104 0.000938
168 0.001102 0.000934
169 0.001120 0.000963
170 0.001120 0.000982
171 0.001113 0.000952
172 0.001110 0.000944
173 0.001203 0.001106
174 0.001127 0.000965
175 0.001137 0.001000
176 0.001155 0.000980
177 0.001150 0.000991
178 0.001155 0.001007
179 0.001155 0.001009
180 0.001144 0.000979
181 0.001129 0.001012
182 0.001127 0.000993
183 0.001111 0.000998
184 0.001115 0.001007
185 0.001125 0.000994
186 0.001130 0.000980
187 0.001250 0.001117
188 0.001163 0.001064
189 0.001143 0.000991
190 0.001146 0.000984
191 0.001119 0.000971
192 0.001336 0.001117
193 0.001199 0.001024
194 0.001336 0.001128
195 0.001236 0.001075
196 0.001199 0.001058
197 0.001254 0.001082
198 0.001226 0.001078
199 0.001210 0.001043
200 0.001202 0.001061
201 0.001237 0.001056
202 0.001215 0.001047
203 0.001210 0.001055
204 0.001218 0.001064
205 0.001230 0.001054
206 0.001249 0.001041
207 0.001257 0.001053
208 0.001244 0.001050
209 0.001247 0.001077
210 0.001257 0.001031
211 0.001241 0.001080
212 0.001258 0.001048
213 0.001236 0.001068
214 0.001295 0.001069
215 0.001252 0.001074
216 0.001250 0.001076
217 0.001249 0.001072
218 0.001266 0.001083
219 0.001563 0.001331
220 0.002201 0.001974
221 0.001409 0.001135
222 0.001292 0.001084
223 0.001256 0.001072
224 0.001294 0.001087
225 0.001273 0.001089
226 0.001296 0.001120
227 0.001324 0.001107
228 0.001313 0.001101
229 0.001323 0.001110
230 0.001337 0.001124
231 0.001338 0.001070
232 0.001506 0.001126
233 0.001868 0.001381
234 0.001325 0.001103
235 0.001339 0.001106
236 0.001354 0.001102
237 0.001329 0.001110
238 0.001356 0.001110
239 0.001367 0.001154
240 0.001379 0.001107
241 0.001521 0.001274
242 0.001532 0.001240
243 0.001443 0.001187
244 0.001530 0.001269
245 0.001686 0.002197
246 0.002322 0.002989
247 0.001530 0.001226
248 0.001555 0.001303
249 0.001588 0.001232
250 0.001663 0.001329
251 0.001515 0.001190
252 0.001448 0.001184
253 0.001453 0.001194
254 0.001578 0.001349
255 0.001444 0.001191
256 0.003509 0.003209
257 0.002973 0.002723
258 0.002926 0.002634
259 0.003027 0.002808
260 0.003206 0.002801
261 0.003707 0.003435
262 0.004089 0.003416
263 0.003561 0.003900
264 0.003663 0.003490
265 0.003698 0.003338
266 0.003544 0.003395
267 0.003349 0.003099
268 0.003334 0.003099
269 0.003418 0.003127
270 0.003249 0.002984
271 0.003444 0.003028
272 0.003633 0.003205
273 0.003404 0.003036
274 0.003238 0.002943
275 0.003233 0.002964
276 0.003238 0.002952
277 0.003237 0.002961
278 0.003323 0.003007
279 0.003607 0.003649
280 0.003407 0.003056
281 0.003419 0.003055
282 0.003379 0.003047
283 0.003350 0.003010
284 0.003284 0.002957
285 0.003316 0.003030
286 0.003725 0.003283
287 0.004664 0.004349
288 0.004532 0.004160
289 0.004266 0.003696
290 0.003882 0.003406
291 0.003376 0.003191
292 0.003435 0.003234
293 0.003871 0.003415
294 0.003528 0.003168
295 0.003372 0.003188
296 0.003475 0.003396
297 0.003545 0.003124
298 0.003321 0.003006
299 0.003348 0.003027
300 0.003424 0.003072
301 0.003910 0.003251
302 0.003415 0.003048
303 0.003824 0.003265
304 0.003584 0.003062
305 0.003489 0.003135
306 0.003416 0.003051
307 0.003460 0.003076
308 0.003449 0.003115
309 0.003453 0.003147
310 0.003384 0.003030
311 0.003703 0.003369
312 0.003809 0.003386
313 0.003550 0.003189
314 0.003753 0.003601
315 0.004428 0.003744
316 0.003805 0.003505
317 0.003869 0.003420
318 0.003838 0.003253
319 0.003896 0.003213
320 0.003846 0.003312
321 0.003474 0.003126
322 0.003547 0.003161
323 0.003564 0.003195
324 0.003519 0.003133
325 0.003462 0.003038
326 0.003553 0.003161
327 0.003693 0.003536
328 0.004229 0.004009
329 0.004549 0.003722
330 0.003593 0.003336
331 0.003645 0.003282
332 0.003619 0.003230
333 0.004264 0.003466
334 0.003704 0.003233
335 0.003618 0.003219
336 0.003462 0.003118
337 0.003524 0.003116
338 0.003773 0.003317
339 0.003544 0.003132
340 0.003502 0.003120
341 0.003534 0.003112
342 0.003528 0.003113
343 0.003641 0.003214
344 0.005911 0.004577
345 0.003923 0.003511
346 0.004660 0.004233
347 0.005300 0.004653
348 0.004488 0.003540
349 0.003659 0.003190
350 0.003558 0.003130
351 0.004128 0.003687
352 0.003595 0.003168
353 0.003798 0.003167
354 0.003577 0.003321
355 0.003719 0.003284
356 0.003683 0.003220
357 0.003585 0.003173
358 0.003590 0.003275
359 0.003629 0.003208
360 0.003784 0.003389
361 0.005969 0.004765
362 0.006079 0.003964
363 0.004066 0.003600
364 0.004105 0.003470
365 0.003848 0.003539
366 0.003757 0.003378
367 0.003704 0.003160
368 0.004934 0.003905
369 0.003835 0.003673
370 0.003618 0.003239
371 0.003623 0.003158
372 0.003792 0.003265
373 0.007195 0.005869
374 0.004794 0.003586
375 0.003688 0.003421
376 0.003714 0.003203
377 0.003691 0.003227
378 0.003669 0.003235
379 0.003656 0.003235
380 0.003810 0.003295
381 0.003945 0.003272
382 0.003799 0.003307
383 0.003860 0.003184
384 0.004146 0.003569
385 0.003763 0.003249
386 0.003921 0.003400
387 0.003745 0.003383
388 0.003965 0.003337
389 0.003841 0.003371
390 0.003819 0.003388
391 0.003815 0.003317
392 0.003836 0.003354
393 0.003833 0.003316
394 0.003806 0.003318
395 0.003838 0.003333
396 0.003932 0.003429
397 0.003849 0.003332
398 0.003836 0.003342
399 0.003961 0.003474
400 0.003842 0.003367
401 0.004007 0.003402
402 0.003971 0.003352
403 0.003927 0.003425
404 0.003900 0.003388
405 0.003886 0.003363
406 0.003871 0.003364
407 0.003948 0.003404
408 0.004300 0.004011
409 0.003919 0.003622
410 0.004257 0.003614
411 0.003932 0.003426
412 0.004324 0.003560
413 0.003932 0.003393
414 0.003950 0.003393
415 0.004097 0.003456
416 0.004023 0.003483
417 0.004043 0.003516
418 0.004087 0.003567
419 0.004293 0.003586
420 0.003974 0.003404
421 0.004165 0.003547
422 0.004157 0.003590
423 0.003931 0.003413
424 0.003925 0.003381
425 0.004111 0.003573
426 0.004031 0.003474
427 0.004055 0.003453
428 0.004326 0.003491
429 0.004035 0.003443
430 0.004316 0.003544
431 0.004001 0.003465
432 0.003994 0.003417
433 0.004284 0.003590
434 0.004093 0.003548
435 0.004135 0.003524
436 0.003991 0.003416
437 0.004002 0.003434
438 0.003989 0.003443
439 0.003957 0.003388
440 0.003959 0.003351
441 0.004102 0.003530
442 0.004581 0.003621
443 0.004223 0.003594
444 0.004164 0.003648
445 0.004136 0.003517
446 0.004031 0.003464
447 0.004572 0.005206
448 0.004375 0.003635
449 0.004056 0.003487
450 0.004231 0.003614
451 0.004245 0.003656
452 0.004152 0.003526
453 0.004119 0.003572
454 0.004149 0.003537
455 0.004898 0.003856
456 0.004330 0.003723
457 0.004228 0.003562
458 0.004150 0.003557
459 0.004117 0.003465
460 0.004150 0.003536
461 0.006388 0.006126
462 0.006282 0.004842
463 0.007439 0.005246
464 0.004937 0.003827
465 0.004934 0.003958
466 0.004671 0.004001
467 0.006431 0.005269
468 0.005693 0.004721
469 0.005275 0.004508
470 0.007268 0.006559
471 0.005562 0.004412
472 0.005182 0.004509
473 0.004555 0.003940
474 0.005430 0.005542
475 0.004803 0.003986
476 0.004855 0.003847
477 0.004756 0.003938
478 0.004678 0.003983
479 0.004694 0.004136
480 0.005140 0.005724
481 0.005326 0.004451
482 0.004385 0.003853
483 0.004259 0.003570
484 0.004333 0.003612
485 0.004393 0.003669
486 0.004362 0.003635
487 0.004231 0.003572
488 0.004388 0.003665
489 0.004298 0.003633
490 0.004898 0.003861
491 0.004398 0.003666
492 0.006089 0.004472
493 0.006209 0.004622
494 0.005126 0.003774
495 0.004430 0.003659
496 0.004517 0.003624
497 0.004551 0.003985
498 0.004406 0.003696
499 0.004532 0.003752
500 0.004279 0.003554
501 0.004305 0.003558
502 0.004805 0.004409
503 0.004769 0.003969
504 0.005371 0.003849
505 0.004636 0.004073
506 0.004618 0.003886
507 0.004512 0.003761
508 0.004829 0.003787
509 0.005705 0.004916
510 0.005860 0.004534
511 0.004667 0.004006
512 0.011980 0.010817
513 0.008979 0.008788
514 0.009686 0.008944
515 0.012533 0.012778
516 0.012117 0.011347
517 0.011370 0.011506
518 0.011329 0.010547
519 0.011047 0.010339
520 0.011367 0.010277
521 0.010899 0.010183
522 0.010860 0.010270
523 0.012413 0.011450
524 0.011733 0.011418
525 0.011072 0.010594
526 0.011040 0.010276
527 0.011049 0.010288
528 0.010985 0.010386
529 0.011061 0.010533
530 0.011108 0.010349
531 0.011122 0.010480
532 0.010955 0.010374
533 0.011175 0.010368
534 0.011689 0.010708
535 0.011069 0.010425
536 0.011611 0.011291
537 0.013037 0.011583
538 0.011724 0.010452
539 0.010898 0.010349
540 0.010834 0.010095
541 0.010925 0.010728
542 0.010948 0.010318
543 0.010853 0.010309
544 0.011041 0.010692
545 0.011085 0.011138
546 0.011499 0.010460
547 0.011019 0.010389
548 0.011002 0.010622
549 0.011656 0.010330
550 0.011139 0.010211
551 0.010943 0.010136
552 0.010921 0.010173
553 0.011089 0.010415
554 0.011603 0.010447
555 0.011439 0.010320
556 0.011296 0.010567
557 0.011104 0.010436
558 0.015912 0.017256
559 0.011923 0.011104
560 0.014305 0.013392
561 0.012336 0.011321
562 0.013943 0.015092
563 0.014556 0.012287
564 0.012636 0.011695
565 0.015864 0.015074
566 0.013661 0.011831
567 0.013277 0.010728
568 0.012354 0.010620
569 0.011415 0.010528
570 0.011300 0.010523
571 0.011912 0.012294
572 0.011917 0.010476
573 0.012138 0.011012
574 0.012742 0.011271
575 0.011747 0.010684
576 0.011889 0.011025
577 0.012272 0.010911
578 0.011515 0.010481
579 0.011176 0.011364
580 0.012156 0.010920
581 0.011434 0.011330
582 0.011287 0.010612
583 0.011468 0.010758
584 0.012052 0.010374
585 0.011233 0.010466
586 0.011948 0.011864
587 0.011725 0.010900
588 0.011896 0.010736
589 0.011772 0.010878
590 0.011485 0.010937
591 0.011511 0.011184
592 0.011341 0.010558
593 0.011328 0.010884
594 0.011692 0.010417
595 0.011334 0.010394
596 0.011260 0.010644
597 0.011382 0.010455
598 0.011076 0.010288
599 0.011159 0.010313
600 0.011146 0.010338
601 0.011187 0.010268
602 0.011281 0.010311
603 0.011033 0.010218
604 0.011221 0.010251
605 0.011226 0.010281
606 0.011361 0.010425
607 0.012044 0.010649
608 0.011642 0.010645
609 0.011345 0.010389
610 0.011279 0.010275
611 0.011766 0.010400
612 0.011360 0.010420
613 0.011466 0.010984
614 0.011628 0.010583
615 0.011411 0.010527
616 0.011233 0.010367
617 0.011420 0.010469
618 0.011068 0.010270
619 0.011110 0.010217
620 0.011242 0.010410
621 0.011968 0.010522
622 0.011508 0.010642
623 0.013270 0.011645
624 0.013122 0.012450
625 0.017400 0.016184
626 0.013250 0.011814
627 0.014782 0.012285
628 0.012556 0.011452
629 0.012941 0.011939
630 0.012575 0.011424
631 0.012874 0.012663
632 0.012207 0.012357
633 0.012042 0.010982
634 0.012421 0.011950
635 0.011722 0.010838
636 0.012260 0.010882
637 0.012390 0.011564
638 0.013505 0.014132
639 0.012498 0.011516
640 0.012345 0.011507
641 0.012319 0.011223
642 0.012850 0.011729
643 0.012344 0.011242
644 0.012615 0.010958
645 0.013100 0.013289
646 0.012091 0.011795
647 0.012434 0.011663
648 0.012448 0.011522
649 0.011882 0.010853
650 0.011967 0.010925
651 0.012078 0.011111
652 0.011990 0.011015
653 0.012037 0.011493
654 0.012126 0.011019
655 0.011787 0.010678
656 0.011769 0.010682
657 0.011796 0.010821
658 0.012934 0.011697
659 0.012061 0.010918
660 0.012335 0.011477
661 0.011898 0.010797
662 0.011850 0.010680
663 0.011970 0.011136
664 0.011958 0.010865
665 0.011922 0.010977
666 0.012002 0.010854
667 0.012228 0.010856
668 0.012002 0.010918
669 0.011846 0.010712
670 0.011913 0.010703
671 0.011818 0.010695
672 0.011846 0.010929
673 0.011985 0.010853
674 0.011940 0.010820
675 0.012239 0.010812
676 0.012097 0.010737
677 0.011901 0.011043
678 0.011982 0.010845
679 0.011941 0.010687
680 0.012379 0.010668
681 0.012117 0.011113
682 0.011982 0.011257
683 0.012050 0.011236
684 0.012294 0.011152
685 0.012006 0.010797
686 0.012198 0.011155
687 0.012178 0.011293
688 0.012076 0.011336
689 0.012280 0.011354
690 0.011961 0.011117
691 0.012470 0.010973
692 0.011888 0.010853
693 0.012464 0.011538
694 0.012093 0.010918
695 0.012430 0.011123
696 0.012015 0.010977
697 0.012052 0.010834
698 0.012029 0.010807
699 0.012061 0.010872
700 0.012211 0.011038
701 0.012024 0.011131
702 0.014260 0.012540
703 0.012392 0.012000
704 0.015242 0.013542
705 0.012454 0.011147
706 0.013809 0.013337
707 0.013655 0.011698
708 0.012538 0.011271
709 0.013350 0.011163
710 0.012118 0.010917
711 0.012202 0.010962
712 0.012126 0.011372
713 0.012672 0.011522
714 0.012455 0.011040
715 0.012459 0.011148
716 0.012333 0.010905
717 0.012243 0.011204
718 0.012964 0.012921
719 0.012436 0.010861
720 0.012261 0.011000
721 0.012602 0.010859
722 0.012442 0.011442
723 0.012255 0.011038
724 0.012206 0.011663
725 0.012180 0.010935
726 0.015416 0.013050
727 0.012223 0.010963
728 0.012183 0.011840
729 0.013973 0.012697
730 0.012606 0.011471
731 0.012521 0.010935
732 0.012830 0.011345
733 0.013542 0.014935
734 0.013825 0.012578
735 0.012798 0.012145
736 0.012761 0.012088
737 0.013594 0.011946
738 0.013013 0.012358
739 0.013432 0.011622
740 0.014121 0.012163
741 0.013040 0.012725
742 0.014589 0.012806
743 0.013976 0.014387
744 0.012325 0.010996
745 0.012425 0.011748
746 0.014585 0.013121
747 0.014209 0.012431
748 0.012863 0.011981
749 0.012348 0.012311
750 0.014429 0.014571
751 0.012763 0.011332
752 0.013266 0.011341
753 0.012511 0.011719
754 0.012579 0.010974
755 0.012682 0.011266
756 0.012504 0.011545
757 0.012777 0.011609
758 0.013312 0.011366
759 0.012603 0.011719
760 0.013254 0.011096
761 0.015170 0.013085
762 0.013592 0.012238
763 0.014064 0.013989
764 0.012995 0.011468
765 0.013008 0.011157
766 0.012182 0.010629
767 0.013331 0.011314
768 0.013341 0.012264
769 0.012679 0.011155
770 0.013039 0.011800
771 0.013675 0.012208
772 0.016070 0.012324
773 0.013509 0.011676
774 0.012943 0.011527
775 0.012878 0.011421
776 0.012845 0.011364
777 0.013472 0.011611
778 0.013013 0.011682
779 0.012744 0.011263
780 0.013893 0.011764
781 0.013506 0.011586
782 0.013175 0.011320
783 0.013041 0.011828
784 0.013089 0.011775
785 0.012924 0.011998
786 0.013664 0.011872
787 0.013180 0.011669
788 0.013295 0.011820
789 0.013301 0.011961
790 0.013041 0.011599
791 0.013192 0.011795
792 0.013281 0.011671
793 0.013275 0.011908
794 0.013597 0.011920
795 0.014092 0.011925
796 0.013204 0.011510
797 0.013982 0.012524
798 0.013133 0.011814
799 0.012832 0.011725
800 0.013162 0.011604
801 0.013863 0.012301
802 0.013327 0.011608
803 0.013250 0.011645
804 0.012886 0.011369
805 0.013400 0.011367
806 0.012937 0.011399
807 0.012860 0.012156
808 0.013153 0.011619
809 0.013141 0.011634
810 0.013381 0.011824
811 0.014105 0.012390
812 0.013401 0.011767
813 0.013360 0.011641
814 0.014085 0.011880
815 0.013738 0.011740
816 0.013030 0.011524
817 0.013206 0.011524
818 0.013255 0.012086
819 0.013619 0.011379
820 0.013128 0.011591
821 0.013409 0.011750
822 0.013950 0.011661
823 0.013565 0.011453
824 0.012913 0.011455
825 0.013153 0.011604
826 0.012874 0.011766
827 0.012941 0.011442
828 0.012893 0.011227
829 0.012709 0.011112
830 0.012789 0.011306
831 0.012922 0.011418
832 0.013215 0.011440
833 0.012821 0.011182
834 0.013248 0.011337
835 0.013261 0.011597
836 0.013124 0.011912
837 0.012960 0.011299
838 0.013189 0.011691
839 0.013399 0.011642
840 0.013132 0.011538
841 0.013406 0.011450
842 0.013162 0.011469
843 0.013470 0.011435
844 0.013036 0.011446
845 0.013101 0.011711
846 0.013053 0.011469
847 0.012883 0.011235
848 0.013606 0.011862
849 0.013929 0.011740
850 0.013684 0.013312
851 0.013661 0.011680
852 0.013213 0.011516
853 0.013666 0.011722
854 0.013772 0.012088
855 0.013306 0.011618
856 0.013978 0.011989
857 0.014542 0.012351
858 0.013732 0.012500
859 0.013542 0.011558
860 0.016459 0.013918
861 0.018371 0.015314
862 0.016556 0.015052
863 0.014624 0.012403
864 0.014243 0.012359
865 0.016210 0.014900
866 0.015724 0.015190
867 0.014621 0.012258
868 0.016216 0.019154
869 0.016456 0.014173
870 0.017935 0.014419
871 0.017611 0.014851
872 0.017284 0.014682
873 0.014956 0.012432
874 0.013980 0.012240
875 0.014044 0.012453
876 0.015915 0.014526
877 0.014121 0.012664
878 0.013759 0.011898
879 0.013658 0.012281
880 0.013423 0.011540
881 0.013418 0.011536
882 0.013348 0.011704
883 0.013853 0.012461
884 0.015721 0.014150
885 0.013445 0.011556
886 0.013226 0.011528
887 0.013264 0.011428
888 0.014140 0.011584
889 0.013154 0.011460
890 0.014178 0.013333
891 0.014220 0.011590
892 0.013880 0.011809
893 0.013908 0.011922
894 0.013568 0.012059
895 0.013133 0.011603
896 0.013627 0.011587
897 0.013231 0.011403
898 0.014127 0.011894
899 0.013975 0.011701
900 0.013454 0.011487
901 0.013830 0.011591
902 0.013846 0.011541
903 0.013200 0.011350
904 0.013906 0.011579
905 0.013444 0.011485
906 0.013411 0.011620
907 0.013609 0.011720
908 0.014084 0.011683
909 0.013609 0.011781
910 0.013597 0.011531
911 0.013368 0.011513
912 0.013408 0.011552
913 0.013848 0.011586
914 0.014065 0.011785
915 0.013819 0.011832
916 0.014840 0.012009
917 0.014246 0.011996
918 0.013601 0.011720
919 0.013257 0.011471
920 0.015323 0.013819
921 0.013746 0.011715
922 0.017977 0.012205
923 0.013673 0.011683
924 0.014668 0.012160
925 0.014242 0.011857
926 0.014091 0.012122
927 0.013592 0.011731
928 0.014214 0.012312
929 0.015097 0.012463
930 0.014706 0.012986
931 0.015341 0.013195
932 0.014078 0.012337
933 0.014268 0.012729
934 0.014502 0.012414
935 0.013950 0.012035
936 0.013610 0.011599
937 0.014390 0.011835
938 0.014057 0.011933
939 0.014398 0.012150
940 0.014028 0.012339
941 0.015033 0.012314
942 0.014617 0.012505
943 0.013748 0.011732
944 0.013663 0.011777
945 0.014989 0.013626
946 0.014168 0.011990
947 0.014012 0.012154
948 0.014349 0.011879
949 0.014314 0.012684
950 0.013858 0.012186
951 0.014149 0.012737
952 0.014340 0.012429
953 0.014379 0.012649
954 0.013990 0.011943
955 0.014494 0.012842
956 0.014221 0.012238
957 0.015500 0.012599
958 0.013996 0.012988
959 0.013857 0.011910
960 0.014675 0.011920
961 0.013768 0.011819
962 0.014460 0.012590
963 0.014388 0.013429
964 0.014609 0.012641
965 0.014456 0.012156
966 0.015093 0.013299
967 0.014135 0.011877
968 0.014182 0.012334
969 0.014852 0.012157
970 0.014079 0.012264
971 0.014454 0.012211
972 0.014621 0.012042
973 0.014676 0.012370
974 0.014370 0.012069
975 0.014461 0.012336
976 0.014390 0.012156
977 0.014474 0.012240
978 0.015016 0.012747
979 0.015033 0.012294
980 0.014001 0.011975
981 0.013894 0.011732
982 0.013806 0.011748
983 0.013906 0.012173
984 0.014144 0.011843
985 0.013992 0.011861
986 0.014354 0.012524
987 0.015004 0.013315
988 0.015025 0.012188
989 0.014448 0.012275
990 0.014778 0.012167
991 0.014388 0.012823
992 0.014915 0.013044
993 0.015073 0.012560
994 0.017759 0.012938
995 0.014767 0.012277
996 0.014577 0.012301
997 0.014332 0.012186
998 0.014336 0.012562
999 0.015456 0.012629
1000 0.014231 0.012267
1001 0.014778 0.012504
1002 0.014338 0.012188
1003 0.014874 0.012245
1004 0.014542 0.012554
1005 0.014660 0.012305
1006 0.014097 0.011827
1007 0.014155 0.012117
1008 0.014344 0.012595
1009 0.014602 0.012208
1010 0.015144 0.012328
1011 0.014615 0.012335
1012 0.013963 0.011755
1013 0.013893 0.011622
1014 0.014330 0.011920
1015 0.014662 0.012635
1016 0.015166 0.013999
1017 0.015203 0.012219
1018 0.015449 0.012285
1019 0.014736 0.014106
1020 0.014466 0.012168
1021 0.015669 0.012665
1022 0.014722 0.012193
1023 0.014452 0.012157
1024 0.040290 0.038075
1025 0.034804 0.032409
1026 0.032218 0.029593
1027 0.035698 0.033031
1028 0.041087 0.037954
1029 0.039834 0.037136
1030 0.040030 0.037468
1031 0.039271 0.037414
1032 0.039993 0.040408
1033 0.040685 0.037659
1034 0.041079 0.038212
1035 0.040456 0.038158
1036 0.040358 0.037871
1037 0.039993 0.037550
1038 0.038889 0.036951
1039 0.039484 0.038355
1040 0.040447 0.038088
1041 0.039499 0.037174
1042 0.042729 0.043537
1043 0.045701 0.042447
1044 0.045178 0.041872
1045 0.046988 0.043776
1046 0.044593 0.040972
1047 0.039857 0.037592
1048 0.040367 0.037645
1049 0.040332 0.037755
